# 2026-09-11 - 1920 films scoreable today, not yet Watchmode-fetched, popularity descending
1386315
1375646
1339713
1621552
860508
1108427
1130948
1213243
1083381
1273221
755898
980431
1432706
1127384
1226863
1311031
83533
454639
1419406
1314481
1212763
936075
533535
822119
1290821
1612018
1291595
1301421
986056
1280738
1234821
950028
1307118
931285
1564614
8587
1368166
1304313
1218925
1007757
1122573
1481343
912649
1265609
240
840464
105
1058424
1377237
950387
425274
1430077
1168190
572802
1321008
1266127
1159559
1318447
539972
541671
980477
447273
1038392
1380291
1185806
1122030
1197306
1479832
1242332
1306368
402431
578
1404304
1308972
1302904
945961
845781
609681
866398
1305781
1156593
1368314
915935
823219
1156594
1007734
558449
1228246
823464
1382832
1246049
1100782
870028
1504358
1383731
1236153
1315303
1477712
1234731
1008042
1084187
940721
680493
1284120
1124620
941109
653346
1288341
974576
1477317
1327862
670292
1465063
1193501
508883
949838
1034541
1357633
1545621
533533
1539104
1671548
976893
926393
980489
1071585
1341137
1480387
1292695
1483525
951491
507089
1084199
1470130
1232546
1317672
1032823
639988
1072790
1084736
346
1294203
748783
993708
1497970
1116201
968051
1248226
1223601
1541560
1376434
1358005
747
1363387
1244492
1303331
1084577
1408208
1197137
967847
1257009
299054
1050035
1290417
1252037
1312946
1437696
1226578
1397385
1124566
1079091
1115544
696393
840705
467905
185664
1151031
974573
1287141
1022796
1387382
1114513
1356039
1242501
838209
796185
1119878
639720
1440050
1291608
1363123
1000837
1242011
634492
1361774
1126166
1098006
846422
1220564
930564
926670
628847
1384758
840326
1268127
718821
1468683
1111873
1493859
848538
936108
663712
1290159
1379963
1575337
1010755
1325678
437342
1029955
1321179
1582770
1106289
1422096
1083433
1149167
1239193
1400837
1390382
982843
1360829
889737
1278950
1309083
1291335
957452
777443
1299655
1198984
1426776
1153714
839033
1265063
1380316
1633056
1042834
365177
1034716
993710
1401459
507244
856289
996821
1049471
974950
710295
3782
1381071
927254
1272149
1149504
1261825
1548113
1368881
1023922
1035048
13494
1159311
1284016
324544
94329
1446616
1043197
986097
1017163
1029281
1241983
1285965
1406657
957119
346648
1405338
1168719
1319522
1241470
1300968
1180831
1333100
1032892
937941
1451078
1079485
1010600
1083884
1290879
1041613
1114894
1291659
1196573
678512
938614
1517123
1104845
1300116
635910
1330421
826510
1466115
548
12493
1280450
1456349
1159206
1071215
1287536
1263012
1203329
744653
1012201
1401778
807172
1510745
592831
1160018
1062807
1249213
539745
1422011
719221
1239134
1151334
1249508
1131759
1241921
1181540
1281331
1161617
1637319
1439112
1480382
1227877
929204
1010756
1107166
1267319
1297763
1571470
1155281
1086260
1274706
1186532
1151272
656908
1412598
938150
1288072
1511417
1117857
1425045
1398050
823482
762430
1688804
1484453
1109086
1422041
1213898
812037
1396965
1293286
1374534
1355666
850920
774100
592983
1097311
878608
970450
1014505
1276073
1083637
1226406
1290432
1678
1243341
1254624
1392469
1371185
1484913
682012
977294
1097870
1497464
1043905
940139
1450527
1126336
1362315
1254786
1422562
793387
1145725
863873
1254808
257094
1352755
1245347
1662317
979660
1339876
1323784
1628367
556574
1013482
1340110
1119090
1058694
1307078
1306525
15916
1199193
1195803
1242937
896536
537921
814776
1428990
1262815
1233069
1172265
1317088
1104844
1400032
1425122
1284460
1457866
1302916
1371151
1410082
1662414
1516391
1312150
1455079
1323625
1437511
1429744
1154538
1078600
1620034
1355126
932086
1397832
976576
1241634
588648
1249289
1587964
1492608
1072699
1077782
1450599
1244944
1204892
1277988
1244531
1059073
645757
1462229
1020047
1309012
1338799
713364
1433842
850439
1313194
1495723
1476740
1296404
1353117
1389149
666154
1413097
987400
1265344
1375831
845783
999075
1145221
1151039
1418657
1289936
1642859
1407861
1163258
1388694
1200320
1030588
1628116
1473148
1001414
1417677
765897
1230208
1322752
1225572
1429348
1633264
1045938
1217602
1426518
1128377
801937
1658982
1009640
1356670
1517772
1443762
999243
1255718
1596335
1094274
1221061
1336770
1484255
1335666
1253000
1530875
1417059
1220522
1595481
1243460
1472638
1386827
829487
1461714
1075456
1210938
1699155
1376400
1392117
1373445
1290424
1165642
1398486
1327872
1103621
1538497
1205656
997113
1049942
1376484
710258
1016084
650524
1103437
1379486
1589891
1400782
1500536
1558796
832964
11878
1405769
804370
1240889
881415
1214140
757725
1388808
1371189
1561955
1584619
1371202
1271895
1288438
1013601
1610413
1126915
1210973
1079311
1507724
1200801
1305653
1265623
1244517
1290287
1401318
814889
1065834
1202479
883954
1388805
1144430
1023915
1242015
1380682
1275574
1472844
1253971
1400383
1280672
1261501
1232933
1294698
1218762
1594914
811941
1286663
1124619
1492501
882059
1212142
1635276
1107325
1195518
1242705
1112466
1319969
1087822
1083968
1251717
1388366
1127767
1086747
1225915
1440718
1529419
1458300
1457515
1013446
1303055
1517758
1431071
1128650
1299046
1308619
1472668
1562642
1272166
1323475
1575615
1620551
1503762
1228682
1205229
1591516
1195430
1400763
1147546
1421903
1294189
838240
1441563
1260643
1440769
1364608
1251608
1195631
1477836
1167271
1223690
1728113
1561969
1600421
1426306
1327769
1315091
1591675
933490
1235304
989662
980026
1243381
1296504
1379266
801688
1222064
1201753
1255775
1275151
1175174
1303613
1295026
1391239
1758145
1461254
1408207
1212271
646683
1031962
1185528
1422166
985602
881366
1450257
1193128
1217690
947891
1217585
1201012
916728
1471161
1668590
1238379
1257868
1584125
1596291
1239655
872906
1386792
975615
975773
1385536
1212742
974250
1286185
760497
1387198
1146210
802219
3777
1227739
891644
1087388
1257957
1321108
1329016
1078581
1278164
1550569
779816
1278263
1049574
1215798
1658568
1426486
927107
1227128
1407862
1446946
1260594
1214835
621587
1234811
1533029
598387
1400288
1376704
1127628
1218493
1339210
874
1223178
1069193
1591972
1462146
1695285
1196791
957304
1186350
1044768
1083420
1246310
783675
1088514
1542995
1219620
978592
1729559
1457299
1339206
1357305
1605290
1513598
1297860
1415974
870360
926606
1447971
1364904
567811
1209217
1269208
931349
1312925
1211776
478798
1624363
1620991
1610181
1019871
1210732
1644528
934456
1306845
1236419
981063
1397364
842859
1001811
891621
896096
1703744
1289888
1127648
1115982
1589949
1247019
1062215
1264826
1321624
1368487
1641962
1267116
974036
758923
1280444
1263037
1689005
921452
1178602
717787
1306816
1447853
548845
998846
3780
1032425
1548017
1684240
1229730
1257406
957121
1228891
1057888
1225753
784651
1257960
1255833
1314129
837335
1306884
1073973
1180629
857800
877087
1525091
1502943
1367408
1341138
1571485
1658653
1109255
1557993
1160164
1274219
1277872
39465
1244953
1440700
1318435
1306400
4723
959098
1084409
1464795
974663
814215
1434543
1452176
1393151
770906
1482887
1093237
1600761
858035
1125311
11712
1244361
609271
269509
972445
1196348
1277884
1258626
1149764
843342
1400743
1654677
1020414
1146972
1128546
1025491
1140498
1533384
1544162
919207
1455301
1484253
1311649
1285728
1381151
1224993
1206008
1113421
1442908
1452168
823452
849192
1578603
1532610
1026227
1086591
1422052
677558
842328
1477453
1621987
1249423
857598
921436
928480
1446824
1668117
1330443
1054493
36243
1397163
976293
1589083
975335
1290703
1599472
1507790
961077
1059
1629326
1019939
1318308
1158996
1011940
934584
573952
1499499
1477104
1250508
972232
927547
1324923
992940
1404368
1693400
1214469
1115009
1214509
1265827
1599078
1091862
1375762
914206
1630661
212156
1539851
1290190
1092506
1056803
1193824
1338683
1636593
1128614
1286491
1022888
1595157
1135303
1537366
998022
1422004
1351923
1098534
1121612
1385142
1278827
1000438
899524
38582
62761
1613335
660360
1425349
1232493
1196995
1311841
1205033
1206617
1070186
1380417
1056444
1215358
1326649
1339219
1404864
1260951
1167366
1600097
1407278
1320392
1563912
1158915
1400731
977262
895549
1122099
1142921
1397745
1481603
1556771
1044741
1058615
1088096
3107
1578645
12259
995926
1484262
1035982
934866
1139698
1309129
1319972
1059126
1696687
1182831
1030987
965791
23452
1493500
920167
1400744
1474688
1186563
1398911
11049
949716
1177369
1214028
1197662
1197989
986280
1060046
1340828
1032472
1214506
1441228
1212009
1379520
1131460
1299454
1653435
1281091
1448801
1551507
885331
1258509
1262209
843394
1681677
1025125
1459994
1673320
1532321
1356956
1165696
1530787
1624621
1045968
450569
1394757
1118824
627336
10705
1285961
1177865
1650276
1473628
1002155
1564735
1153399
1202306
1303855
1293244
787747
1229349
26405
1368894
1176784
1556729
926599
1477565
1171634
823598
1092329
1575438
1297181
1400381
959604
1130875
1169210
1225764
1529836
1024721
1529855
610251
1187274
1482093
1290206
1112637
760245
1326036
1400108
1156125
1516525
552
1317418
1321700
1624950
1296753
1271981
1117321
1570246
1241486
803700
1312157
1274718
1376821
24961
1600689
1556826
1539456
1226141
1290369
1600174
1436681
693349
1380405
1371096
1070319
1187619
1239288
1517161
80880
1473086
1492557
1169789
1724020
1004555
1296124
1297453
14066
1752743
1109534
1214537
1382510
974613
898271
46096
736720
581395
1024541
1449290
1407437
1330831
1418572
1696131
25771
1508701
925263
29698
965053
1465560
1743303
960033
1600088
1242392
1435018
1370547
1293559
1167027
1259024
956920
1588020
1274300
1063574
1293849
1596286
1039773
1128559
1421536
1043758
1250989
1507831
1076500
1187417
1690370
1000866
1422634
1236291
1267628
1262229
1380709
1260216
1288727
1189423
1715598
1439979
525903
1439991
1382990
1562272
80276
1398411
1398359
1418965
1008260
1405303
1045021
1654056
878607
1488768
1203397
1478082
1202549
988397
1562313
987750
1153110
1573632
901121
1214539
1532997
1244999
1720486
1499386
1653300
1386114
1422119
1163194
1532363
1149791
1514540
1309725
993933
808482
1705387
1537724
1342106
977506
1517706
978870
1658175
1186509
1143407
1527919
1400451
1379400
1497397
1566727
1397425
1556779
1450492
1020951
786977
1129608
1128941
1702350
1708712
1112547
1545292
1507573
1557944
1192424
1405152
1627696
1683499
1564072
1147596
1511400
1570233
1500612
938250
1267226
925714
1076555
1272676
1367958
1225582
77043
1079310
1294972
1673928
1106108
1114653
750611
1453828
1101256
1129557
1300945
1681195
966238
1669180
1449280
1201262
1111750
1329088
1570242
1556802
1237009
1414595
1065342
1416841
1152054
1115131
1205765
489412
1249532
1487113
1223194
1371675
961084
1185202
1279315
1693884
1417030
1007074
1725760
1604723
1543234
268104
1307397
1595840
1166537
1241393
1757601
1036921
1311537
1604179
1570238
1398779
1187916
1703707
1546698
1601724
1727734
1228335
1124876
1537742
1286959
765421
1137618
1714358
1511663
1621024
1082424
1376929
1603261
1346709
1279166
1618837
1583609
1403322
1288975
1584118
1502095
1457361
1701799
1160275
1642619
1664162
1674360
1444988
1458850
1625381
1582928
1591257
1453890
1306886
1501060
1121956
1493562
502781
1635343
1250917
1565487
1242391
1580084
1152238
1556900
1120462
1685309
1511515
1241592
1216385
1162322
1277254
1383461
1523599
888082
1226626
1035253
1756786
1422108
1495025
1214836
1510187
1273207
1557488
1490842
1172091
1371498
1597671
1577906
1319649
1471484
1268083
1098709
1254724
1401511
1495687
1392483
1713185
1556787
1458083
962319
1353408
1400798
1688331
1214617
1043725
1143183
1721888
1165574
1465994
1147301
1428470
1418819
1412077
1653281
1180065
1225776
1443136
1500667
1719018
1218213
805785
1245571
1319960
1581613
1214522
1697567
1753491
1638927
1571400
1694425
1399754
1358743
1229488
1065952
1640165
1553900
1629962
1753490
958179
1146570
1000572
1691902
1555804
263358
1004556
1435301
77593
1359100
1753493
1160210
1634392
1752790
1383481
1369015
1628442
1412662
1385871
1199979
1185811
1413226
1206527
1544953
1577976
1017513
1557501
1544954
1602095
1634383
483290
978586
268028
1109469
1601672
1379881
1257982
1680052
1535388
149135
1621636
1610736
1551890
1646766
1375334
1178502
1570388
958335
1001432
1668693
1525407
1467552
1028879
1198821
1743364
1663625
1513631
1523424
1500003
1730721
1556923
1577888
1386895
1730775
1556915
1691762
1543343
1391049
1357662
1578540
1732489
1161406
1234097
1373474
1326334
1425097
1701823
1183923
1337738
1066714
1552089
1417569
1342208
1379607
829111
1387743
1152652
1158378
1416675
1620845
1173807
1514805
1457310
1758620
1495170
1102003
1083669
1382984
283024
1162185
1505807
1593896
1292332
1193224
1602089
1429154
1536535
424853
1139073
1668162
1407123
878327
1132593
1463460
1326316
1517806
1481281
299128
1250079
1444535
1656990
1588427
1516655
1224956
1555950
1399216
1242056
1455351
1326321
1431042
1429448
1281515
1340879
1436048
1274195
1717849
1431531
123776
1601186
1413595
1358571
1482590
1359613
1543843
1124214
1747262
1130844
1656344
1326312
1739641
1706625
1696912
1298753
1430455
1602101
1716771
1703429
1524522
1447903
1573743
1545745
1298758
1528855
1653302
1357079
1051933
1610019
1720899
1177375
1501740
328592
1593825
1306540
1653304
1326332
1653299
1564267
1361926
1307654
1326324
1431596
1326319
1363880
1590560
1326326
1326325
1392075
1449204
1720907
1492276
1516776
1653303
1390628
1573756
1413582
1326322
1462912
1488891
1384889
1206424
1326311
1305484
1444985
1655394
1687141
1443949
1326323
256514
1302109
1390625
1376660
1454884
1231399
1686471
1646730
1326329
1483116
1463924
1326315
1583468
1339551
1271108
1557889
1691904
1273354
1728105
1496314
1498568
1152784
1326317
1326260
1425481
1500111
1428313
1326327
1194224
1524871
1454898
1313760
1239124
1263981
1465045
1390549
1495152
992385
1435710
1558380
1658580
1193661
1498076
1602111
1361899
1730482
1315495
1326333
1482642
1543314
1095462
1278239
1417959
1730968
1711153
1495176
1171087
1152415
1303197
1536589
1367965
1553382
1303137
1577525
1498572
1431562
1664780
490808
1677128
1746767
1685364
1430956
1289610
1528787
1161722
1513439
1341727
1396783
1205334
1551396
1393559
1736993
1694562
1664798
1559715
1493097
1477458
1585979
1695389
1447071
1386107
1442726
1618838
1326310
1590553
1378645
1413591
1326335
1498578
1373126
1326328
1661087
1724782
1683621
1342078
1435730
1683657
1665770
1760540
1153051
1462688
1134294
1495171
1615229
1690526
1530821
1523334
1399222
1557876
1288298
1593887
1368044
1645570
1495173
1503602
1495174
1593889
1454934
1436120
1374672
1399221
1692628
1528492
1306644
1740362
1556891
163937
1669229
1533343
1234472
1350815
1687139
1562713
1269145
1436632
1615742
1498716
1424998
1593909
1326331
1372908
1353637
1659902
1493564
1687079
1545234
1180124
1500680
1326313
1674575
1653305
1279267
1401013
1533387
1216773
1604660
1545341
1491503
1368379
1633759
1338206
1728503
1327827
1691760
1674582
1622039
1592559
1570394
1562894
1555174
1499534
1453334
1397195
1394192
1753732
1691759
1593901
1423880
1490676
1555892
1515204
1614424
1394881
1495163
1370028
1653306
1447789
1556841
1435704
1751877
1546391
1543196
1600808
1657578
1556939
1697509
1261385
1216285
1175973
1199664
1722922
1703696
1556954
1443311
1399224
1265318
1638948
1585924
1557863
1505047
1539491
1198373
1569545
1565101
1041689
1583463
1396343
1634198
1590863
1388588
1638841
1544854
1520515
1488962
1315043
1313809
1225748
1197214
1161718
1754940
1541103
1766245
1723911
1744177
