# Watchmode backfill manifest — the films lee+c1@codynamics.com.au's agents actually track.
# Captured 2026-09-10 from the live staging build in Lee's signed-in browser, using the app's
# own watchesFilm(m, c) over all 8 agents, so this is the real admission logic, not a rebuild.
# 426 unique tmdb_ids. Verified sum=474593865 min=592 max=1754940.
592
655
1024
2005
2759
9090
9671
14784
14836
24128
67794
72899
77174
82695
87513
116149
263172
338969
365620
426063
455558
466420
467244
508442
508943
508947
516729
519182
523607
524635
549509
552524
558915
560016
565770
573435
574475
575265
604079
604685
614930
614945
617126
648878
661539
666277
668489
673593
675871
687163
693134
695721
696506
698687
701387
728949
746036
747188
749170
753336
753342
760329
760774
762441
762509
774370
785429
786892
787699
791523
792293
792307
798645
799766
799882
800158
800513
803796
804406
804862
812583
819277
832262
839369
840430
842924
850165
858017
858024
870518
872585
875828
877817
891584
893723
901362
911430
912908
917496
929590
931942
933260
937287
939243
940551
944194
945729
948549
950396
956842
967941
969681
970947
971699
972533
972614
974861
975225
975511
977942
979097
991494
994108
1003596
1005331
1008038
1008376
1008409
1011477
1011985
1013154
1013850
1015634
1020006
1020094
1022787
1022789
1026468
1026880
1033148
1035259
1037352
1038263
1042650
1049286
1051891
1054867
1056360
1059128
1061474
1061699
1062722
1064213
1064486
1066124
1066262
1069905
1073650
1075175
1078446
1078605
1079244
1081003
1082195
1084242
1084244
1087192
1087891
1088166
1097549
1098378
1100099
1100988
1101383
1101412
1101448
1102493
1102883
1103731
1113583
1114137
1114967
1117465
1119377
1119449
1120911
1122618
1124142
1124217
1125257
1126097
1127110
1127625
1128655
1128752
1129206
1130022
1131087
1136867
1137350
1137844
1138074
1138194
1140521
1140535
1148612
1151531
1153576
1154265
1154762
1155324
1155828
1156189
1159831
1160360
1161699
1167307
1170608
1171066
1171145
1175942
1181107
1182047
1184495
1184918
1192379
1195506
1198994
1199184
1199463
1201342
1202033
1204680
1205515
1208348
1208971
1211472
1212855
1214499
1214684
1214931
1215077
1216576
1226777
1228710
1228834
1230368
1233413
1233575
1235499
1235746
1236470
1240678
1241436
1241982
1242265
1242404
1242419
1242434
1242454
1242898
1243006
1243078
1244523
1245993
1248832
1251363
1255869
1258473
1259102
1262426
1263256
1263337
1264573
1265717
1267905
1268601
1272837
1275779
1276593
1279121
1280015
1280282
1283320
1283515
1284465
1285865
1286378
1286656
1287322
1287512
1288059
1288070
1288271
1288445
1290242
1291545
1291829
1292415
1297842
1299652
1306644
1307266
1308767
1314862
1315631
1315772
1316092
1317149
1317288
1318413
1319951
1319965
1321439
1322592
1322692
1325734
1327819
1328803
1330021
1330077
1337562
1339588
1339658
1339770
1340206
1352624
1354002
1354518
1360991
1367642
1368337
1370383
1370814
1374686
1375441
1375774
1381027
1384216
1390300
1400035
1400357
1400780
1400940
1401281
1413976
1419826
1422013
1423191
1425725
1432474
1432605
1433367
1433583
1435092
1437396
1439930
1443940
1445363
1448497
1451867
1454837
1461899
1464883
1476362
1476932
1480529
1484874
1492625
1497390
1500610
1503451
1511057
1511773
1515204
1516994
1526215
1529861
1533503
1539491
1542231
1545712
1546696
1548815
1550265
1550785
1551285
1554643
1554956
1562010
1566556
1570132
1595215
1596243
1596551
1599090
1600172
1623583
1624931
1627696
1638355
1638737
1638741
1643354
1646766
1652270
1653349
1657240
1658220
1669915
1677415
1680044
1688380
1697730
1702975
1702997
1706553
1706554
1712475
1723990
1724077
1731594
1733915
1743303
1754785
1754940
